PACP Optimal Selection Report (Goal2) - Mon Jan  5 18:36:27 CST 2026
Selection Criteria: PSL == 4
==========================================
[Success Summary]
optimal_found_at: 28,30,38,42,48,62,66
Total Lengths with PSL=4 Solutions: 7 / 37
==========================================
Length L   | Match Count    
------------------------------------------
28         | 2503           
30         | 99             
38         | 45             
42         | 4              
48         | 1              
54         | 0              
56         | 0              
60         | 0              
62         | 10             
66         | 2              
70         | 0              
76         | 0              
78         | 0              
84         | 0              
88         | 0              
92         | 0              
96         | 0              
102        | 0              
108        | 0              
114        | 0              
118        | 0              
120        | 0              
124        | 0              
126        | 0              
132        | 0              
134        | 0              
138        | 0              
142        | 0              
150        | 0              
158        | 0              
166        | 0              
168        | 0              
172        | 0              
176        | 0              
182        | 0              
192        | 0              
198        | 0              
------------------------------------------
End of Report
